216 18083 20274
13421
13783
1607
3196
11469
2531
13901
10825
893
8509
8537
12994
6479
3697
13282
6686
8510
3512
9975
13058
13088
9653
7471
14022
7026
6420
14550
11893
9865
6173
13664
14969
743
5435
11902
10153
7357
9968
5644
11938
5910
1529
10373
3628
10194
5691
4951
12464
7034
8787
13873
13180
3467
11101
7975
8406
10385
11777
2439
3194
13177
6884
6993
13351
5296
1939
1694
11920
9274
2062
8048
13004
4101
6133
3336
11264
2444
13133
5616
2457
8178
3969
10716
5645
1165
1131
8991
7988
5468
3437
10003
11119
13340
7033
14223
6083
6082
13344
2252
12936
11647
11182
4344
6040
8535
688
4131
10295
2785
10289
12521
10484
526
5994
9987
14958
5306
2500
8990
3574
5560
11118
3285
12243
11508
2747
1057
1813
4144
9508
399
1250
936
5457
12509
4447
9717
12118
3040
4760
8931
8608
6066
10344
4136
4481
14537
3569
2474
864
6610
13442
3224
7934
6612
7157
3191
1995
10877
1765
10561
139
1983
11544
9017
2908
1738
1162
6842
13560
14117
4090
3407
2648
2157
6881
13601
3271
1865
939
3081
1767
8520
12299
9029
4487
8784
5548
1331
5184
8331
10870
12499
3591
8641
314
7793
8714
7342
7784
8093
8137
2666
15018
7040
13457
11307
6480
12530
5191
275
8561
10832
9181
5969
1866

