0 200 800 0 9000
1 3600 2300 1205 10205
2 3100 3300 1680 10680
3 4700 5750 4397 13397
4 5400 5750 4782 13782
5 5608 7103 5911 14911
6 4493 7102 5297 14297
7 3600 6950 4692 13692
8 3100 7250 4642 13642
9 4700 8450 6422 15422
10 5400 8450 6807 15807
11 5610 10053 8125 17125
12 4492 10052 7509 16509
13 3600 10800 7580 16580
14 3100 10950 7417 16417
15 4700 11650 8822 17822
16 5400 11650 9207 18207
17 6650 10800 9257 18257
18 7300 10950 9727 18727
19 7300 7250 6952 15952
20 6650 6950 6370 15370
21 7300 3300 3990 12990
22 6650 2300 2882 11882
23 5400 1600 1670 10670
24 8350 2300 3817 12817
25 7850 3300 4292 13292
26 9450 5750 7010 16010
27 10150 5750 7395 16395
28 10358 7103 8524 17524
29 9243 7102 7910 16910
30 8350 6950 7305 16305
31 7850 7250 7255 16255
32 9450 8450 9035 18035
33 10150 8450 9420 18420
34 10360 10053 10737 19737
35 9242 10052 10122 19122
36 8350 10800 10192 19192
37 7850 10950 10030 19030
38 9450 11650 11435 20435
39 10150 11650 11820 20820
40 11400 10800 11870 20870
41 12050 10950 12340 21340
42 12050 7250 9565 18565
43 11400 6950 8982 17982
44 12050 3300 6602 15602
45 11400 2300 5495 14495
46 10150 1600 4282 13282
47 13100 2300 6430 15430
48 12600 3300 6905 15905
49 14200 5750 9622 18622
50 14900 5750 10007 19007
51 15108 7103 11136 20136
52 13993 7102 10522 19522
53 13100 6950 9917 18917
54 12600 7250 9867 18867
55 14200 8450 11647 20647
56 14900 8450 12032 21032
57 15110 10053 13350 22350
58 13992 10052 12734 21734
59 13100 10800 12805 21805
60 12600 10950 12642 21642
61 14200 11650 14047 23047
62 14900 11650 14432 23432
63 16150 10800 14482 23482
64 16800 10950 14952 23952
65 16800 7250 12177 21177
66 16150 6950 11595 20595
67 16800 3300 9215 18215
68 16150 2300 8107 17107
69 14900 1600 6895 15895
70 19800 800 8990 17990
71 19800 10000 15890 24890
72 19800 11900 17315 26315
73 19800 12200 17540 26540
74 200 12200 6760 15760
75 200 1100 0 9000
