0 280 133 254 474
1 288 149 271 491
2 288 129 258 478
3 270 133 245 465
4 256 141 239 459
5 256 157 249 469
6 246 157 241 461
7 236 169 240 460
8 228 169 233 453
9 228 161 228 448
10 220 169 226 446
11 212 169 220 440
12 204 169 213 433
13 196 169 206 426
14 188 169 199 419
15 196 161 201 421
16 188 145 184 404
17 172 145 170 390
18 164 145 163 383
19 156 145 156 376
20 148 145 150 370
21 140 145 143 363
22 148 169 165 385
23 164 169 179 399
24 172 169 186 406
25 156 169 172 392
26 140 169 158 378
27 132 169 152 372
28 124 169 145 365
29 116 161 133 353
30 104 153 117 337
31 104 161 123 343
32 104 169 128 348
33 90 165 113 333
34 80 157 100 320
35 64 157 86 306
36 64 165 91 311
37 56 169 87 307
38 56 161 82 302
39 56 153 77 297
40 56 145 71 291
41 56 137 66 286
42 56 129 61 281
43 56 121 56 276
44 40 121 42 262
45 40 129 47 267
46 40 137 53 273
47 40 145 58 278
48 40 153 63 283
49 40 161 68 288
50 40 169 73 293
51 32 169 67 287
52 32 161 61 281
53 32 153 56 276
54 32 145 51 271
55 32 137 46 266
56 32 129 41 261
57 32 121 35 255
58 32 113 30 250
59 40 113 37 257
60 56 113 51 271
61 56 105 45 265
62 48 99 35 255
63 40 99 28 248
64 32 97 20 240
65 32 89 15 235
66 24 89 8 228
67 16 97 6 226
68 16 109 14 234
69 8 109 7 227
70 8 97 0 220
71 8 89 0 220
72 8 81 0 220
73 8 73 0 220
74 8 65 0 220
75 8 57 0 220
76 16 57 0 220
77 8 49 0 220
78 8 41 0 220
79 24 45 0 220
80 32 41 0 220
81 32 49 0 220
82 32 57 0 220
83 32 65 0 220
84 32 73 4 224
85 32 81 9 229
86 40 83 17 237
87 40 73 11 231
88 40 63 4 224
89 40 51 0 220
90 44 43 0 220
91 44 35 0 220
92 44 27 0 220
93 32 25 0 220
94 24 25 0 220
95 16 25 0 220
96 16 17 0 220
97 24 17 0 220
98 32 17 0 220
99 44 11 0 220
100 56 9 0 220
101 56 17 0 220
102 56 25 0 220
103 56 33 0 220
104 56 41 4 224
105 64 41 11 231
106 72 41 17 237
107 72 49 23 243
108 56 49 9 229
109 48 51 3 223
110 56 57 14 234
111 56 65 19 239
112 48 63 11 231
113 48 73 18 238
114 56 73 25 245
115 56 81 30 250
116 48 83 24 244
117 56 89 35 255
118 56 97 40 260
119 104 97 81 301
120 104 105 86 306
121 104 113 91 311
122 104 121 97 317
123 104 129 102 322
124 104 137 107 327
125 104 145 112 332
126 116 145 122 342
127 124 145 129 349
128 132 145 136 356
129 132 137 131 351
130 140 137 138 358
131 148 137 144 364
132 156 137 151 371
133 164 137 158 378
134 172 125 157 377
135 172 117 152 372
136 172 109 147 367
137 172 101 141 361
138 172 93 136 356
139 172 85 131 351
140 180 85 138 358
141 180 77 133 353
142 180 69 127 347
143 180 61 122 342
144 180 53 117 337
145 172 53 110 330
146 172 61 115 335
147 172 69 121 341
148 172 77 126 346
149 164 81 122 342
150 148 85 111 331
151 124 85 90 310
152 124 93 95 315
153 124 109 106 326
154 124 125 116 336
155 124 117 111 331
156 124 101 101 321
157 104 89 76 296
158 104 81 71 291
159 104 73 65 285
160 104 65 60 280
161 104 49 50 270
162 104 41 45 265
163 104 33 39 259
164 104 25 34 254
165 104 17 29 249
166 92 9 14 234
167 80 9 3 223
168 72 9 0 220
169 64 21 0 220
170 72 25 7 227
171 80 25 14 234
172 80 25 14 234
173 80 41 24 244
174 88 49 36 256
175 104 57 55 275
176 124 69 80 300
177 124 77 85 305
178 132 81 94 314
179 140 65 91 311
180 132 61 81 301
181 124 61 75 295
182 124 53 69 289
183 124 45 64 284
184 124 37 59 279
185 124 29 54 274
186 132 21 55 275
187 124 21 49 269
188 120 9 37 257
189 128 9 44 264
190 136 9 51 271
191 148 9 61 281
192 162 9 73 293
193 156 25 78 298
194 172 21 89 309
195 180 21 96 316
196 180 29 101 321
197 172 29 95 315
198 172 37 100 320
199 172 45 105 325
200 180 45 112 332
201 180 37 107 327
202 188 41 116 336
203 196 49 128 348
204 204 57 140 360
205 212 65 152 372
206 220 73 164 384
207 228 69 168 388
208 228 77 173 393
209 236 77 180 400
210 236 69 175 395
211 236 61 170 390
212 228 61 163 383
213 228 53 158 378
214 236 53 165 385
215 236 45 159 379
216 228 45 153 373
217 228 37 147 367
218 236 37 154 374
219 236 29 149 369
220 228 29 142 362
221 228 21 137 357
222 236 21 144 364
223 252 21 157 377
224 260 29 169 389
225 260 37 175 395
226 260 45 180 400
227 260 53 185 405
228 260 61 190 410
229 260 69 195 415
230 260 77 201 421
231 276 77 214 434
232 276 69 209 429
233 276 61 204 424
234 276 53 199 419
235 284 53 205 425
236 284 61 211 431
237 284 69 216 436
238 284 77 221 441
239 284 85 226 446
240 284 93 231 451
241 284 101 237 457
242 288 109 245 465
243 280 109 238 458
244 276 101 230 450
245 276 93 225 445
246 276 85 219 439
247 268 97 220 440
248 260 109 221 441
249 252 101 209 429
250 260 93 211 431
251 260 85 206 426
252 236 85 185 405
253 228 85 179 399
254 228 93 184 404
255 236 93 191 411
256 236 101 196 416
257 228 101 189 409
258 228 109 194 414
259 228 117 199 419
260 228 125 205 425
261 220 125 198 418
262 212 117 186 406
263 204 109 174 394
264 196 101 162 382
265 188 93 150 370
266 180 93 143 363
267 180 101 148 368
268 180 109 153 373
269 180 117 159 379
270 180 125 164 384
271 196 145 190 410
272 204 145 197 417
273 212 145 204 424
274 220 145 211 431
275 228 145 218 438
276 236 145 224 444
277 246 141 230 450
278 252 125 225 445
279 260 129 234 454

