714 43256 43500
49793
49483
43620
19777
8738
6095
34178
29424
36245
39868
46176
21946
42697
11173
29715
30518
20398
16068
8836
45717
45658
3544
14776
28644
24465
46853
8292
17027
40780
27827
34245
35678
31476
27368
1018
16288
32081
26936
30204
25773
23337
40060
28900
23056
15969
48140
41734
11784
14180
11855
24917
41655
38829
28276
38359
20938
21094
20338
44955
9241
43786
45156
29969
37012
10629
26059
14537
29266
17363
35155
20828
20621
21945
5446
33229
35721
2827
25071
23913
30797
11978
32058
40888
10748
28592
49394
5564
7404
45955
20990
36972
23310
45865
9495
36871
41007
5691
16022
6600
41216
30472
789
22147
35786
1758
40593
19683
29158
45603
11038
48039
44610
6104
40298
44850
44898
44394
26316
38231
8206
49502
14816
29501
42095
16888
13613
27661
15331
24617
41487
39322
18135
10757
31332
33243
14747
13671
24527
61
10314
18143
39338
48672
38130
49582
19940
12129
9231
34857
19449
12903
7867
8665
47125
25134
41553
19148
18411
24398
11142
28269
34234
41160
7371
20463
35462
38856
3237
46636
44043
15866
19628
24440
13755
22180
31817
43585
22775
43335
9680
20672
22116
15027
20489
46248
48361
34883
2823
26170
31286
14616
27114
27898
6903
357
23891
39805
42119
13858
35575
23427
35544
20953
18361
37897
8451
16684
17132
46249
12414
48276
1721
39157
34240
47570
27999
1311
28391
9856
847
37290
18622
5595
46729
42416
32057
7765
36681
37191
35159
7393
10917
10132
14754
46066
2582
15032
2329
12735
44675
8768
46732
28374
19374
29195
21297
43173
31833
19304
10607
31538
39516
38189
25908
34800
38332
31772
10810
39213
2026
6877
1793
43365
34737
41336
41334
41878
47087
28166
13364
32471
40707
18640
21764
14218
20578
23356
16736
43562
4459
43729
18177
43034
6743
36148
37222
39840
8721
9121
18560
8342
15538
5651
28739
44293
41241
34254
33971
21748
15932
36949
15673
3711
10476
12539
37944
47380
33235
16844
31267
21183
6986
31774
48956
43074
9107
24324
36234
11955
26826
14936
39129
16889
12254
20924
38114
21
37269
2097
31278
11581
15664
41449
5313
22924
8795
21686
11616
7908
27880
11203
39314
39989
17061
1292
12471
48480
45028
40945
22919
15629
1238
40728
35665
25428
34251
21732
4414
17012
49799
40419
45290
24738
41727
34009
24258
45025
28567
32714
31315
14195
20122
37498
41560
38957
41669
12730
48236
21738
37444
9713
35689
39413
15036
22310
14286
7946
10954
48597
14889
29689
10445
36902
40605
1137
11842
19277
20379
21621
1457
20571
42429
7247
39194
30488
45927
29097
44335
25734
30474
26786
5152
1246
25747
35640
39650
20076
35888
22492
9877
9425
12658
14649
23021
37683
5017
14198
24413
7159
31276
13645
48834
10011
28333
40622
24457
45128
38350
897
22539
3882
45980
32404
31084
6257
835
48104
38443
46177
43553
8764
11472
17444
32964
15389
9192
37808
29963
8683
24028
17731
37609
11355
23709
1801
48753
19617
20915
5830
22696
14707
33449
4445
22543
21652
13931
33292
40047
37771
45787
3226
2804
320
30237
22045
23110
40268
38186
34325
653
44536
41795
26426
27084
37007
42523
1807
40659
17863
28106
43279
273
4272
30505
20496
9624
9780
6062
44896
25352
28371
32129
28185
29008
38622
14745
1918
44489
48030
48190
18468
41896
27230
17779
4768
14002
17850
28144
23952
14201
47501
8567
28467
18310
4721
13325
41525
25157
25177
24153
33973
10465
35642
16583
8143
23102
13392
38927
43731
20003
1323
6970
21261
1779
18142
45673
47199
2242
49784
36492
45726
581
6910
13647
16388
8531
26405
21618
38499
1921
27754
30968
24870
9517
453
9936
26109
3500
37959
4719
23414
17336
17692
44089
12433
47209
27464
28382
14497
39621
23692
47499
40403
3635
29137
34853
23078
3341
14046
18612
7375
22570
44179
40904
26863
20467
45255
29031
49188
34802
33276
33521
26917
48550
25557
6180
33721
20152
18450
16449
25561
15050
18726
4980
18472
32839
3277
16102
34991
5798
41008
4116
49467
8419
11065
13338
15541
13190
7587
41329
33347
29789
45515
5373
24407
323
15848
36163
32955
44240
30220
33765
18597
33480
8121
40375
25056
41318
13551
30223
19413
28758
34470
22848
24631
49395
29685
41034
27565
33647
21609
26769
20067
5246
20048
17927
4174
32582
38275
22559
45805
13305
8682
12679
1175
25614
3830
46061
5678
31549
47889
41852
1051
19679
7634
27153
15809
44616
12943
5517
35096
18480
40264
36808
7528
34460
32222
40138
29430
13854
4880
32077
27065
16637

