590 1494208 1629712
0
7396
7395
7394
7393
7392
7391
7390
7389
7388
7387
3315
3376
3316
3612
3317
3822
3318
4019
3319
4192
3320
4352
3321
4463
3322
4485
3323
4507
3324
4529
3325
4551
3326
4573
3327
4595
3328
4617
3329
4639
3330
4661
3331
4683
3332
4705
3333
4727
3334
4861
3335
4982
3336
5217
3337
5456
3338
5674
5675
5676
5677
5678
5679
5680
5681
5682
5683
5684
3374
5457
3375
5685
5686
5687
5688
5689
5690
5691
3368
5223
5224
3369
5225
4986
4985
3362
4864
4865
4731
4709
4708
4686
4664
4665
4643
4621
4599
4598
4576
4577
4555
4554
4532
4510
4511
4489
4467
4466
4355
4195
4196
4023
4022
3825
3616
3617
3826
3827
3828
3829
3830
3831
3832
3833
3834
3835
3836
3837
3838
3839
3840
3841
3842
3843
3844
3845
3846
3847
3848
3849
3850
3851
3852
3619
3415
3416
3417
3418
3341
3620
3621
3857
3858
3859
3860
3861
3862
3863
3864
3865
3866
3867
3868
3869
3349
3870
3625
3343
3431
3432
3433
3434
3627
3628
3873
3874
3629
3630
3437
3438
3631
3876
3877
3350
3878
3879
3634
3635
3880
3881
3636
3443
3444
3445
3638
3637
3882
3883
3884
3885
3640
3641
3447
3448
3642
3887
3888
3643
3449
3450
3451
3452
3453
3647
3892
3893
3351
4033
3353
4201
4202
4361
4472
4494
4516
4538
4560
4582
4604
4626
4627
4649
4648
4670
4671
4693
4715
4737
3360
4878
4879
5056
5055
5294
5295
5504
5503
5762
5763
5764
5505
5506
5507
5298
5059
5058
5057
4880
4881
4882
4883
4884
5061
5060
5299
5508
5509
5300
5301
5062
5063
4886
4887
4888
4889
5066
5305
5304
5065
5064
5303
5302
5511
5512
5513
5514
5773
5774
5515
5516
5775
5776
5517
5518
5308
5070
4894
4739
4740
4895
5072
5073
5074
5075
5076
4899
4898
4743
4744
4745
4746
4747
4748
4749
4750
4751
4752
4753
4908
4907
4906
4905
4904
5081
5319
5529
5528
5318
5080
5079
5078
5316
5315
5314
5313
5312
5311
5310
5520
5521
5522
5781
5782
5783
5784
5785
5786
5787
5788
5789
5790
5531
5321
5083
5084
5085
5323
5322
5532
5533
5534
5324
5086
5087
4910
4755
4756
4911
5088
5326
5327
5089
4912
4913
4758
4759
4914
5091
5090
5328
5329
5330
5331
5093
4916
4915
4760
4761
4762
4917
4918
4919
4920
5096
5335
5336
5337
5098
4922
4767
4766
4765
4764
4718
4696
4674
4652
4630
4608
4586
4564
4542
4520
4498
4476
4396
4245
4246
4078
4079
4080
4081
4082
4083
4251
4402
4403
4252
4084
4085
4253
4404
4405
4254
4086
3913
3701
3504
3503
3700
3347
3699
3502
3501
3698
3697
3500
3499
3696
3695
3498
3497
3496
3693
3692
3912
4077
4076
4075
4243
4242
4074
4073
4241
4240
4391
4390
4239
4238
4070
4069
4068
4067
4066
4065
4233
4232
4064
4063
4062
4230
4231
4382
4381
4380
4379
4378
4227
4226
4058
4057
4056
4224
4375
4374
4373
4222
4221
4220
4371
4370
4369
4368
4474
4496
4518
4540
4562
4584
4606
4628
4650
4672
4694
4716
4738
4891
4890
5067
5306
5068
5069
4892
4893
5071
5309
5519
5778
5779
5780
5523
5524
5525
5526
5527
5530
5791
5792
5793
5794
5535
5536
5537
5796
5797
5538
5539
5540
5541
5800
5801
5802
5803
5804
5805
5806
5807
5808
5809
5810
5811
5812
5813
5814
5815
5816
5817
5818
5819
5820
5821
5822
5823
5824
5825
5826
5827
5828
5829
5830
5831
5832
5833
5834
5835
5836
5837
5838
5839

