294 17957 21571
1831
27
2280
1263
2490
11084
11856
3077
4319
9697
5205
12180
7640
14551
9399
3065
9374
9659
11210
8141
12366
5553
6694
6550
1823
11660
443
5375
5996
14084
8713
9850
9479
5509
1721
9713
14402
12486
4505
5007
5431
1863
11885
1986
1513
10997
5222
9720
12155
12449
2527
2529
5263
2461
11236
11799
3944
6931
6531
5359
1669
5688
12400
8313
14120
8500
8760
9631
12425
9817
1537
11809
13833
2031
12545
1668
8202
11556
12470
13909
5459
14566
4938
11352
5133
11394
6011
13273
9588
631
229
3450
5057
9420
9739
12420
11724
3501
11855
2097
8428
10754
7538
2422
1718
6246
7928
6427
8511
7476
13505
5935
5497
1871
2368
4151
11555
14207
3133
5981
5646
9063
9927
14479
5237
4855
7553
7959
5360
5823
3025
10920
5285
12216
10867
10734
9630
13100
1308
13857
10707
12601
2481
870
9744
186
6378
9702
8891
14603
9401
8716
12673
14797
12347
9098
3652
4970
13749
10348
693
10249
1198
1756
7434
4007
4551
7501
2706
11405
13867
13830
12154
2889
11942
12882
2346
12247
2629
12503
2271
407
12507
158
3928
14598
14604
6161
10811
490
7449
12225
14166
12122
5415
3998
8465
10764
952
11573
13204
5903
11066
8934
319
10349
1030
1921
10770
13796
11889
8712
1001
12684
11050
7512
8172
7860
5220
8850
10262
9555
7631
9462
1192
13176
3147
12075
2636
6064
1268
691
13585
6431
6573
10476
2258
14391
9537
7792
489
10165
10852
10916
9467
9833
7557
8970
9893
3169
11440
1492
6471
5628
5022
3994
14614
9650
9368
6516
2425
2698
3970
1011
8232
6065
10404
7972
9464
11306
5489
3235
9681
8626
6494
6847
2867
154
1039
8814
11725
5009
7962
9748
9426
3530
5920
2525
513
4875
5363
5069
9384
6059

